TotalLayerNo    TotalWireNo   SignalLayerNo SignalWireR(micrometer) FieldWireR(micrometer)
90              28680         43               12.5        55
SignalLayer2AllLayer
2 4 6 8 10 12 14 16 19 21 23 25 27 29 31 33 35 37 39 41 44 46 48 50 52 54 56 58 60 62 64 66 68 70 72 74 77 79 81 83 85 87 89
 Layer   WireNo  Length     R       Phi      First Rotate       a/2           a      ¦Å        ¦Ä    ¦Òz    ¡÷R  spacing w/h         
                   mm       mm    degree     Wire   CellNo      rad           mm   degree          mm    mm     mm               
F1       80        774    73.00       0        0    -3.5     -0.274889357    22.8   1.7      0.9                                    
S1       80        780    78.85       0        0    -3.5     -0.274889357    24.8   1.8      1.0   4.1  6.15   6.22   1.02          
F2       88        786    84.55       0        0    -3.5     -0.249899416    24.2   1.8      0.9        6.00                        
S2       88        792    90.70       0        1    -3.5     -0.249899416    26.0   1.9      0.9   4.0  6.15   6.52   1.07          
F3       96        798    96.65       0        0    -3.5     -0.229074464    25.4   1.8      0.8        6.00                        
S3       96        804    102.90      0        0    -3.5     -0.229074464    27.0   1.9      0.9   3.9  6.25   6.78   1.08          
F4       112       810    109.20      0        0    -3.5     -0.196349541    24.6   1.7      0.7        6.35                        
S4       112       816    115.25      0        1    -3.5     -0.196349541    26.0   1.8      0.7   4.1  6.05   6.50   1.07          
F5       128       822    121.35      0        0     4.5      0.220893233    29.9   2.1      0.9        6.15                        
S5       128       828    127.20      0        0     4.5      0.220893233    31.3   2.2      1.0   3.5  5.80   6.28   1.07          
F6       144       834    133.10      0        0     4.5      0.196349541    29.1   2.0      0.8        5.90                        
S6       144       840    138.75      0        1     4.5      0.196349541    30.4   2.1      0.8   3.6  5.85   6.09   1.04          
F7       160       846    144.45      0        0     4.5      0.176714587    28.5   1.9      0.7        5.90                        
S7       160       852    150.10      0        0     4.5      0.176714587    29.7   2.0      0.7   3.8  5.95   5.95   1.02          
F8       160       858    155.50      0        0     4.5      0.176714587    30.8   2.0      0.8        5.75                        
S8       160       864    161.60      0        1     4.5      0.176714587    32.0   2.1      0.8   3.5  6.15   6.42   1.07          
F8       160       870    167.45      0        0     4.5      0.176714587    33.2   2.2      0.8        5.90                        
F9       152       1092   189.00      1.18     0     0        0                                         19.70                       
S9       152       1092   197.00      1.18     0     0        0                                         8.25   8.15   1.01          
F10      152       1092   204.65      1.18     0     0        0                                         7.95                        
S10      152       1092   213.00      1.18     1     0        0                                         8.00   8.81   1.08          
F11      176       1272   221.55      1.18     0     0        0                                         8.30                        
S11      176       1272   229.55      1.18     0     0        0                                         8.15   8.20   1.02          
F12      176       1272   237.25      1.18     0     0        0                                         7.85                        
S12      176       1272   245.55      1.18     1     0        0                                         8.00   8.76   1.08          
F13      200       1442   254.10      1.18     0     0        0                                         8.25                        
S13      200       1442   262.15      1.18     0     0        0                                         8.35   8.23   1.00          
F14      200       1442   269.95      1.18     0     0        0                                         8.10                        
S14      200       1442   278.20      1.18     1     0        0                                         8.00   8.74   1.08          
F15      224       1612   286.65      1.18     0     0        0                                         8.25                        
S15      224       1612   294.65      1.18     0     0        0                                         7.95   8.26   1.06          
F16      224       1612   302.40      1.18     0     0        0                                         7.70                        
S16      224       1612   310.60      1.18     1     0        0                                         8.10   8.70   1.05          
F17      256       1782   319.05      0        0     0        0                                         8.40                        
S17      256       1782   326.90      0        0     0        0                                         8.00   8.02   1.01          
F18      256       1782   334.55      0        0     0        0                                         7.80                        
S18      256       1782   342.65      0        1     0        0                                         7.95   8.40   1.04          
F19      280       1952   350.90      0        0     0        0                                         8.15                        
S19      280       1952   358.75      0        0     0        0                                         8.30   8.05   0.98          
F20      280       1952   366.40      0        0     0        0                                         8.10                        
S20      280       1952   374.55      0        1     0        0                                         8.20   8.42   1.01          
F20      280       1952   382.45      0        0     0        0                                         8.45                        
F21      320       2174   392.10      0        0    -6       -0.117809725    76.8   2.0      1.9        8.05                        
S21      320       2174   399.75      0        0    -6       -0.117809725    78.3   2.1      1.9   3.6  8.05   7.85   0.99          
F22      320       2180   407.25      0        0    -6       -0.117809725    79.9   2.1      2.0        7.85                        
S22      320       2180   415.20      0        1    -6       -0.117809725    81.5   2.1      2.0   3.5  8.40   8.17   0.98          
F23      320       2186   423.00      0        0    -6       -0.117809725    83.1   2.2      2.0        8.20                        
S23      320       2186   431.20      0        0    -6       -0.117809725    84.7   2.2      2.1   3.4  8.10   8.49   1.05          
F24      320       2192   439.25      0        0    -6       -0.117809725    86.3   2.3      2.1        8.00                        
S24      320       2192   447.60      0        1    -6       -0.117809725    87.9   2.3      2.2   3.2  8.00   8.80   1.06          
F25      352       2198   456.15      0        0     6.5      0.116024729    82.1   2.1      1.8        8.65                        
S25      352       2198   464.15      0        0     6.5      0.116024729    83.5   2.2      1.9   3.4  7.90   7.60   0.97          
F26      352       2204   472.00      0        0     6.5      0.116024729    84.9   2.2      1.9        7.80                        
S26      352       2204   480.20      0        1     6.5      0.116024729    86.4   2.2      1.9   3.3  8.20   7.87   0.97          
F27      352       2210   488.25      0        0     6.5      0.116024729    87.9   2.3      2.0        8.05                        
S27      352       2210   496.85      0        0     6.5      0.116024729    89.4   2.3      2.0   3.2  8.30   8.13   0.99          
F28      352       2216   505.25      0        0     6.5      0.116024729    90.8   2.3      2.0        8.15                        
S28      352       2216   513.70      0        1     6.5      0.116024729    92.3   2.4      2.1   3.1  8.35   8.40   0.99          
F29      416       2222   522.65      0        0    -7.5     -0.113278581    94.5   2.4      2.1        8.55                        
S29      416       2222   530.35      0        0    -7.5     -0.113278581    95.9   2.5      2.2   3.0  7.90   8.01   1.02          
F30      416       2228   537.90      0        0    -7.5     -0.113278581    97.3   2.5      2.2        7.75                        
S30      416       2228   545.95      0        1    -7.5     -0.113278581    98.8   2.5      2.2   2.9  8.05   8.24   1.03          
F31      416       2234   553.85      0        0    -7.5     -0.113278581    100.2  2.6      2.3        7.95                        
S31      416       2234   562.15      0        0    -7.5     -0.113278581    101.7  2.6      2.3   2.9  8.10   8.49   1.05          
F32      416       2240   570.30      0        0    -7.5     -0.113278581    103.2  2.6      2.3        8.00                        
S32      416       2240   578.55      0        1    -7.5     -0.113278581    104.6  2.7      2.4   2.8  8.15   8.73   1.04          
F33      480       2246   587.25      0        0     8.5      0.11126474     99.7   2.5      2.1        8.60                        
S33      480       2246   594.75      0        0     8.5      0.11126474     101.1  2.6      2.2   2.9  7.90   7.78   0.99          
F34      480       2252   602.15      0        0     8.5      0.11126474     102.4  2.6      2.2        7.80                        
S34      480       2252   609.95      0        1     8.5      0.11126474     103.8  2.6      2.2   2.8  8.15   7.99   0.99          
F35      480       2258   617.65      0        0     8.5      0.11126474     105.1  2.7      2.2        8.05                        
S35      480       2258   625.65      0        0     8.5      0.11126474     106.5  2.7      2.3   2.8  8.15   8.20   1.01          
F36      480       2264   633.55      0        0     8.5      0.11126474     107.9  2.7      2.3        8.05                        
S36      480       2264   641.65      0        1     8.5      0.11126474     109.2  2.8      2.3   2.7  7.80   8.41   1.07          
F36      480       2270   649.85      0        0     8.5      0.11126474     110.6  2.8      2.4        7.90                        
F37      512       2270   658.80     -0.3      0     0        0                                         8.65                        
S37      512       2276   666.80     -0.3      0     0        0                                         8.00   8.19   1.03          
F38      512       2276   674.70     -0.3      0     0        0                                         7.90                        
S38      512       2282   682.85     -0.3      1     0        0                                         8.15   8.38   1.04          
F39      512       2282   690.85     -0.3      0     0        0                                         8.05                        
S39      512       2288   699.15     -0.3      0     0        0                                         8.15   8.58   1.06          
F40      512       2288   707.35     -0.3      0     0        0                                         8.05                        
S40      512       2294   715.70     -0.3      1     0        0                                         7.95   8.78   1.08          
F41      576       2294   724.40     -0.3      0     0        0                                         8.35                        
S41      576       2300   732.10     -0.3      0     0        0                                         7.85   7.98   1.02          
F42      576       2300   739.65     -0.3      0     0        0                                         7.75                        
S42      576       2306   747.60     -0.3      1     0        0                                         8.05   8.15   1.02          
F43      576       2306   755.45     -0.3      0     0        0                                         7.95                        
S43      576       2306   763.45     -0.3      0     0        0                                         8.10   8.33   1.03          
F43      576       2306   771.35     -0.3      0     0        0                                         8.00                        
SegmentNo
67
Length InnerR  OutR    Z        Name
  mm    mm      mm     mm       
2632   59      809     0        Mdc
2206   790     801.5   0        OutCylinder
774    63      64.2    0        InnerCylinder
20     790     809     1113     MiddleClip
30     778     809     1138     BelowClip
18     796     809     1162     RightClip
120    800     809     1231     Tail
18     744     794     1162     OutEndPlane1
18     727.5   744     1159     OutEndPlane2
18     711.5   727.5   1156     OutEndPlane3
18     694     711.5   1153     OutEndPlane4
18     679     694     1150     OutEndPlane5
18     661.8   679     1147     OutEndPlane6
18     646     661.8   1144     OutEndPlane7
18     629.5   646     1141     OutEndPlane8
18     613.8   629.5   1138     OutEndPlane9
18     598     613.8   1135     OutEndPlane10
18     582.9   598     1132     OutEndPlane11
18     565.7   582.9   1129     OutEndPlane12
18     549.9   565.7   1126     OutEndPlane13
18     533.6   549.9   1123     OutEndPlane14
18     518.2   533.6   1120     OutEndPlane15
18     500.5   518.2   1117     OutEndPlane16
18     484.2   500.5   1114     OutEndPlane17
18     467.4   484.2   1111     OutEndPlane18
18     451.8   467.4   1108     OutEndPlane19
18     434.5   451.8   1105     OutEndPlane20
25     419.1   434.5   1105.5   OutEndPlane21
25     402.8   419.1   1102.5   OutEndPlane22
25     390     402.8   1099.5   OutEndPlane23
57.5   365     385     1088.75  Step1
135.5  385     390     1049.75  step2
25     348.75  385     988.5    Step3
109    345.25  348.75  945.5    Step4
25     316.75  345.25  903.5    Step5       
109    313.25  316.75  860.5    Step6
25     284.5   313.25  818.5    Step7
109    281     284.5   775.5    Step8
25     252     281     733.5    Step9
109    248.5   252     690.5    Step10
25     219.25  248.5   648.5    Step11
109.5  215.75  219.25  605.25   Step12
25     186.5   215.75  558.5    Step13
35     174.5   186.5   552.5    Joint1
12     159     186.5   529      Joint2
20     159     180.5   513      Joint3
38     177     180.5   484      Joint4
5      170     180.5   462.5    Joint5
5      175     180.5   457.5    Joint6       
25     164.5   175     447.5    InnerEndPlane1
25     158.6   164.5   444.5    InnerEndPlane2
25     152.7   158.6   441.5    InnerEndPlane3
25     146.8   152.7   438.5    InnerEndPlane4
25     140.9   146.8   435.5    InnerEndPlane5
25     135     140.9   432.5    InnerEndPlane6
25     129.1   135     429.5    InnerEndPlane7
25     123.2   129.1   426.5    InnerEndPlane8
25     117.3   123.2   423.5    InnerEndPlane9
25     111.4   117.3   420.5    InnerEndPlane10
25     105.5   111.4   417.5    InnerEndPlane11
25     99.6    105.5   414.5    InnerEndPlane12
25     93.7    99.6    411.5    InnerEndPlane13
25     87.8    93.7    408.5    InnerEndPlane14
25     81.9    87.8    408.5    InnerEndPlane15
25     76      81.9    402.5    InnerEndPlane16
25     63      76      399.5    InnerEndPlane17
45     59      63      399.5    InnerEndPlane18