TotalLayerNo    TotalWireNo   SignalLayerNo SignalWireR(micrometer) FieldWireR(micrometer)
37              18860         19            15                      63
SignalLayer2AllLayer
1 3 5 7 9 11 13 15 17 19 21 23 25 27 29 31 33 35 37
 Layer   WireNo  Length     R       Phi      First Rotate       a/2           a      ¦Å        ¦Ä    ¦Òz    ¡÷R  spacing w/h         
                   mm       mm    degree     Wire   CellNo      rad           mm   degree          mm    mm     mm               
S1       448       1500     500.00  0        0      3           0             0      0        0    0     0      0
F1       448       1500     508.00  0        0      3   		    0             0      0        0    0     0      0
S2       448       1500     516.00  0        1      3           0             0      0        0    0     0      0
F2       448       1500     524.00  0        0      3           0             0      0        0    0     0      0
S3       448       1500     532.00  0        0      3           0             0      0        0    0     0      0
F3       448       1500     540.00  0        0      3           0             0      0        0    0     0      0
S4       448       1500     548.00  0        1      3           0             0      0        0    0     0      0
F4       448       1500     556.00  0        0      3           0             0      0        0    0     0      0
S5       448       1500     564.00  0        0      3           0             0      0        0    0     0      0
F5       448       1500     572.00  0        0      3           0             0      0        0    0     0      0
S6       448       1500     580.00  0        1      3           0             0      0        0    0     0      0
F6       480       1500     586.97  0        0      0           0             0      0        0    0     0      0
S7       480       1500     594.97  0        0      0           0             0      0        0    0     0      0
F7       512       1500     603.18  0        0      -3          0             0      0        0    0     0      0
S8       512       1500     611.18  0        1      -3          0             0      0        0    0     0      0
F8       512       1500     619.18  0        0      -3          0             0      0        0    0     0      0
S8       512       1500     627.18  0        0      -3          0             0      0        0    0     0      0
F9       512       1500     635.18  0        0      -3          0             0      0        0    0     0      0
S10      512       1500     643.18  0        1      -3          0             0      0        0    0     0      0
F10      512       1500     651.18  0        0      -3          0             0      0        0    0     0      0
S11      512       1500     659.18  0        0      -3          0             0      0        0    0     0      0
F11      512       1500     667.18  0        0      -3          0             0      0        0    0     0      0
S12      512       1500     675.18  0        1      -3          0             0      0        0    0     0      0
F12      512       1500     683.18  0        0      -3          0             0      0        0    0     0      0
S13      512       1500     691.18  0        0      -3          0             0      0        0    0     0      0
F13      576       1500     698.78  0        0      0           0             0      0        0    0     0      0
S14      576       1500     706.78  0        1      0           0             0      0        0    0     0      0
F14      576       1500     714.78  0        0      0           0             0      0        0    0     0      0
S15      576       1500     722.78  0        0      0           0             0      0        0    0     0      0
F15      576       1500     730.78  0        0      0           0             0      0        0    0     0      0
S16      576       1500     738.78  0        1      0           0             0      0        0    0     0      0
F16      576       1500     746.78  0        0      0           0             0      0        0    0     0      0
S17      576       1500     754.78  0        0      0           0             0      0        0    0     0      0
F17      576       1500     762.78  0        0      0           0             0      0        0    0     0      0
S18      576       1500     770.78  0        1      0           0             0      0        0    0     0      0
F18      576       1500     778.78  0        0      0           0             0      0        0    0     0      0
S19      576       1500     786.78  0        0      0           0             0      0        0    0     0      0
